// ID:course:threshold latitude:threshold longitude:glidepath(degrees):threshold elevation(feet)

// ETNH - Hohn
ETNH08:079:54.310720:9.524615:3.0:23
ETNH26:259:54.313662:9.551537:3.0:38

// ETNS - Schleswig
ETNS05:048:54.453579:9.505505:3.0:70
ETNS23:228:54.465109:9.527220:3.0:69

// ETMN - Nordholz
ETMN08:079:53.765892:8.644156:3.0:73
ETMN26:259:53.769283:8.672352:3.0:64
ETMN079:079:53.765892:8.644156:3.0:73

// ETNW - Wunstorf
ETNW02:027:52.447460:9.429086:3.0:187
ETNW20:207:52.456279:9.436347:3.0:182
ETNW08:082:52.456766:9.420967:3.0:173
ETNW26:262:52.458486:9.439994:3.0:174

// ETNT - Wittmundhafen
ETNT08:078:53.545937:7.651983:3.0:26
ETNT26:258:53.549886:7.682756:3.0:23

// ETHB - Bueckerburg
ETHB08:078:52.277199:9.073098:3.4:229
ETHB26:258:52.279634:9.091138:3.2:229
ETHB077:278:52.277199:9.073098:3.4:229

// ETHC - Celle
ETHC08:081:52.590341:10.013480:3.0:129
ETHC26:261:52.592059:10.030762:3.0:129

// ETHS - Fassberg
ETHS27:268:52.919731:10.198861:3.0:1244
ETHS265:268:52.919731:10.198861:3.0:1244

// ETNL - Rostock-Laage
ETNL09:098:53.919104:12.266619:3.0:140
ETNL27:278:53.917076:12.291952:3.0:134

// ETSH - Holzdorf
ETSH09:093:51.768290:13.156190:3.0:260
ETSH27:273:51.767453:13.178983:3.0:265

// ETNN - Noervenich
ETNN06:067:50.828049:6.646431:3.0:380
ETNN24:247:50.834531:6.670351:3.0:344

// ETNG - Geilenkirchen
ETNG09:091:50.960969:6.027991:3.0:264
ETNG27:271:50.960677:6.056514:3.0:290

// ETHF - Fritzlar
ETHF30:299:51.113488:9.289034:3.4:564

// ETHN - Stetten
ETHN25:255:49.392697:9.962749:3.4:1536

// ETSN - Neuburg
ETSN09:090:48.711067:11.199725:3.0:1248
ETSN27:270:48.710930:11.224227:3.0:1246

// ETSL - Lechfeld
ETSL03:029:48.179165:10.855911:3.0:1820
ETSL21:209:48.193565:10.867871:3.0:1785

// ETHL - Laupheim
ETHL09:093:48.220323:9.903813:3.0:1763
ETHL27:273:48.219805:9.919233:3.0:1766

// ETIC - Grafenwoehr
ETIC32:324:49.697427:11.941645:3.0:1359