// ID:course:threshold latitude:threshold longitude:glidepath(degrees):threshold elevation(feet)

// ETNH - Hohn
ETNH08:079:54.310720:9.524615:3.0:23
ETNH26:259:54.313662:9.551537:3.0:38

// ETNS - Schleswig
ETNS05:048:54.453579:9.505505:3.0:70
ETNS23:228:54.465109:9.527220:3.0:69

// ETMN - Nordholz
ETMN08:079:53.765892:8.644156:3.0:73
ETMN26:259:53.769283:8.672352:3.0:64
ETMN079:079:53.765892:8.644156:3.0:73

// ETNW - Wunstorf
ETNW02:027:52.447460:9.429086:3.0:187
ETNW20:207:52.456279:9.436347:3.0:182
ETNW08:082:52.456766:9.420967:3.0:173
ETNW26:262:52.458486:9.439994:3.0:174

// ETNT - Wittmundhafen
ETNT08:078:53.545937:7.651983:3.0:26
ETNT26:258:53.549886:7.682756:3.0:23

// ETHB - Bueckerburg
ETHB08:078:52.277199:9.073277:3.4:229
ETHB26:258:52.279634:9.091138:3.2:229
ETHB077:278:52.277199:9.073098:3.4:229

// ETHC - Celle
ETHC08:081:52.590341:10.013480:3.0:129
ETHC26:261:52.592059:10.030762:3.0:129

// ETHS - Fassberg
ETHS27:268:52.919731:10.198861:3.0:1244
ETHS265:268:52.919731:10.198861:3.0:1244